   509.25925925838635       -173.61111111111779       -300.92592592432823     
   34.722222222285509        46.296296295113258       -34.722222222282184     
  -254.62962962917135        173.61111111111447       -173.61111111111779     
   509.25925926014020       -34.722222222158955        46.296296297486293     
   34.722222222162294       -300.92592592751663        173.61111111111447     
  -254.62962963010989        509.25925925984092        173.61111111108980     
   46.296296297081454        34.722222222176569       -300.92592592700578     
  -34.722222222165939       -254.62962962991668       -173.61111111110046     
   173.61111111108983        509.25925925865397       -34.722222222267881     
  -300.92592592486949        34.722222222278504        46.296296295487743     
  -173.61111111110046       -254.62962962927224        1018.5185185206327     
  -2.3362645151792094E-011  -300.92592592784348       -34.722222222130512     
   92.592592595539287       -1.2484946410040720E-010  -254.62962963015320     
  -173.61111111109355       -2.3362645151792094E-011   1018.5185185163527     
   34.722222222313938        46.296296294877251       -1.2484946410040720E-010  -601.85185184785269       -173.61111111109355       -254.62962962899013     
  -300.92592592784354        34.722222222313945        1018.5185185206713     
  -1.4355805433297064E-010  -300.92592592815140       -34.722222222057113     
  -254.62962963010310        173.61111111112865        92.592592595585785     
  -1.8506085552871809E-010  -254.62962963015906       -173.61111111105686     
  -34.722222222130505        46.296296294877244       -1.4355805433297064E-010   1018.5185185162850        34.722222222387330        46.296296294641195     
   173.61111111112865       -254.62962962927185       -1.8505375010136049E-010  -601.85185184778948       -173.61111111105686       -254.62962962874218     
  -300.92592592815140        34.722222222387337        1018.5185185209775     
  -3.5390712582739070E-010  -300.92592592847166       -34.722222221920333     
  -254.62962963024100        173.61111111116534        92.592592595997246     
  -2.9006486101934570E-010  -254.62962963011068       -173.61111111098836     
  -34.722222222057113        46.296296294641202       -3.5390712582739070E-010   1018.5185185159085        34.722222222524124        46.296296294396015     
   173.61111111116534       -254.62962962937610       -2.9005775559198810E-010  -601.85185184723105       -173.61111111098836       -254.62962962833848     
  -300.92592592847166        34.722222222524124        1018.5185185210587     
  -6.5941208049480338E-010  -300.92592592832818       -34.722222221751686     
  -254.62962963043958        173.61111111123381        92.592592596101994     
  -4.4272496779740322E-010  -254.62962962992137       -173.61111111090412     
  -34.722222221920333        46.296296294395987       -6.5944050220423378E-010   1018.5185185157923        34.722222222692778        46.296296294501772     
   173.61111111123381       -254.62962962962953       -4.4273917865211843E-010  -601.85185184708894       -173.61111111090409       -254.62962962797164     
  -300.92592592832818        34.722222222692771        1018.5185185209082     
  -9.9657881946768612E-010  -300.92592592818551       -34.722222221583017     
  -254.62962963055341        173.61111111131808        92.592592595891020     
  -6.1148597296778462E-010  -254.62962962973202       -173.61111111081976     
  -34.722222221751679        46.296296294501765       -9.9655039775825571E-010   1018.5185185159430        34.722222222861433        46.296296294606883     
   173.61111111131808       -254.62962963007192       -6.1147176211306942E-010  -601.85185184737520       -173.61111111081976       -254.62962962760452     
  -300.92592592818551        34.722222222861433        1018.5185185207579     
  -1.3340581972443033E-009  -300.92592592804260       -34.722222221414164     
  -254.62962963066752        173.61111111140241        92.592592595680230     
  -7.8021855642873561E-010  -254.62962962954245       -173.61111111073535     
  -34.722222221583024        46.296296294606890       -1.3340581972443033E-009   1018.5185185160935        34.722222223030286        46.296296294712128     
   173.61111111140241       -254.62962963051416       -7.8022566185609321E-010  -601.85185184766124       -173.61111111073535       -254.62962962723694     
  -300.92592592804260        34.722222223030293        1018.5185185205919     
  -1.6704291283531347E-009  -300.92592592786957       -34.722222221246660     
  -254.62962963078175        173.61111111148679        92.592592595448593     
  -9.4841823283786653E-010  -254.62962962934657       -173.61111111065162     
  -34.722222221414164        46.296296294712121       -1.6703722849342739E-009   1018.5185185162604        34.722222223197790        46.296296294840090     
   173.61111111148682       -254.62962963095708       -9.4841112741050893E-010  -601.85185184797569       -173.61111111065162       -254.62962962687996     
  -300.92592592786957        34.722222223197775        1018.5185185195733     
  -1.8847288174583809E-009  -300.92592592602000       -34.722222221199843     
  -254.62962963088756        173.61111111157061        92.592592594055930     
  -1.0555396556810592E-009  -254.62962962885214       -173.61111111062820     
  -34.722222221246668        46.296296294840104       -1.8847572391678113E-009   1018.5185185174124        34.722222223244614        46.296296296237358     
   173.61111111157055       -254.62962963140421       -1.0555538665357744E-009  -601.85185184986585       -173.61111111062820       -254.62962962721991     
  -300.92592592602000        34.722222223244607        1018.5185185185114     
  -1.8519870081945555E-009  -300.92592592576091       -34.722222221279424     
  -254.62962963047733        173.61111111159400        92.592592592604575     
  -1.0391616456217889E-009  -254.62962962885769       -173.61111111066799     
  -34.722222221199843        46.296296296237358       -1.8520438516134163E-009   1018.5185185186135        34.722222223165033        46.296296296430391     
   173.61111111159400       -254.62962963196892       -1.0391829619038617E-009  -601.85185185183536       -173.61111111066799       -254.62962962747690     
  -300.92592592576091        34.722222223165033        1018.5185185183027     
  -1.6842136574268807E-009  -300.92592592561721       -34.722222221367616     
  -254.62962963033976        173.61111111155424        92.592592592314759     
  -9.5532470822945470E-010  -254.62962962889958       -173.61111111071210     
  -34.722222221279409        46.296296296430420       -1.6842705008457415E-009   1018.5185185188318        34.722222223076841        46.296296296536624     
   173.61111111155424       -254.62962963184395       -9.5531049737473950E-010  -601.85185185222872       -173.61111111071210       -254.62962962772610     
  -300.92592592561721        34.722222223076841        1018.5185185181520     
  -1.5074590464791982E-009  -300.92592592547419       -34.722222221456221     
  -254.62962963022284        173.61111111151010        92.592592592103784     
  -8.6690477019146783E-010  -254.62962962894150       -173.61111111075638     
  -34.722222221367616        46.296296296536639       -1.5074306247697677E-009   1018.5185185189831        34.722222222988236        46.296296296641763     
   173.61111111151010       -254.62962963166979       -8.6691187561882543E-010  -601.85185185251510       -173.61111111075638       -254.62962962797658     
  -300.92592592547419        34.722222222988236        1018.5185185180014     
  -1.3317560387804406E-009  -300.92592592533242       -34.722222221543305     
  -254.62962963010526        173.61111111146579        92.592592591892910     
  -7.7902484463265864E-010  -254.62962962898234       -173.61111111079990     
  -34.722222221456207        46.296296296641771       -1.3317844604898710E-009   1018.5185185191312        34.722222222901152        46.296296296746092     
   173.61111111146579       -254.62962963149494       -7.7903195006001624E-010  -601.85185185280125       -173.61111111079992       -254.62962962822297     
  -300.92592592533242        34.722222222901145        1018.5185185178514     
  -1.1564225133042783E-009  -300.92592592518838       -34.722222221631604     
  -254.62962962998949        173.61111111142228        92.592592591683442     
  -6.9130834390307427E-010  -254.62962962902452       -173.61111111084409     
  -34.722222221543305        46.296296296746064       -1.1564225133042783E-009   1018.5185185192823        34.722222222812846        46.296296296852844     
   173.61111111142230       -254.62962963132344       -6.9132966018514708E-010  -601.85185185308546       -173.61111111084409       -254.62962962847229     
  -300.92592592518827        34.722222222812846        1018.5185185176994     
  -9.7924157671513967E-010  -300.92592592504343       -34.722222221720415     
  -254.62962962987265        173.61111111137811        92.592592591470918     
  -6.0280314073679619E-010  -254.62962962906596       -173.61111111088852     
  -34.722222221631597        46.296296296852816       -9.7926999842457008E-010   1018.5185185194348        34.722222222724028        46.296296296959220     
   173.61111111137814       -254.62962963114887       -6.0278182445472339E-010  -601.85185185337400       -173.61111111088849       -254.62962962872405     
  -300.92592592504343        34.722222222724035        1018.5185185175482     
  -8.0305539995606523E-010  -300.92592592490161       -34.722222221807783     
  -254.62962962975416        173.61111111133371        92.592592591258210     
  -5.1473136863933178E-010  -254.62962962910717       -173.61111111093220     
  -34.722222221720415        46.296296296959213       -8.0305539995606523E-010   1018.5185185195852        34.722222222636667        46.296296297063591     
   173.61111111133371       -254.62962963097428       -5.1473136863933178E-010  -601.85185185366265       -173.61111111093220       -254.62962962897117     
  -300.92592592490155        34.722222222636674        1018.5185185173984     
  -6.2752292251389008E-010  -300.92592592475830       -34.722222221896040     
  -254.62962962963803        173.61111111129003        92.592592591048614     
  -4.2689407564466819E-010  -254.62962962914906       -173.61111111097625     
  -34.722222221807783        46.296296297063591       -6.2752292251389008E-010   1018.5185185197362        34.722222222548424        46.296296297169505     
   173.61111111129003       -254.62962963080199       -4.2688697021731059E-010  -601.85185185394710       -173.61111111097625       -254.62962962922020     
  -300.92592592475830        34.722222222548424        1018.5185185172471     
  -4.5108095036994200E-010  -300.92592592461415       -34.722222221984204     
  -254.62962962952139        173.61111111124595        92.592592590836972     
  -3.3868019500005175E-010  -254.62962962919028       -173.61111111102036     
  -34.722222221896033        46.296296297169476       -4.5108095036994200E-010   1018.5185185198874        34.722222222460246        46.296296297275390     
   173.61111111124598       -254.62962963062773       -3.3866598414533655E-010  -601.85185185423427       -173.61111111102036       -254.62962962947014     
  -300.92592592461415        34.722222222460253        1018.5185185170948     
  -2.7588953344093170E-010  -300.92592592447005       -34.722222222071181     
  -254.62962962940367        173.61111111120181        92.592592590623909     
  -2.5114843538176501E-010  -254.62962962923069       -173.61111111106388     
  -34.722222221984190        46.296296297275397       -2.7588953344093170E-010   1018.5185185200373        34.722222222373290        46.296296297381673     
   173.61111111120181       -254.62962963045422       -2.5113422452704981E-010  -601.85185185452337       -173.61111111106385       -254.62962962971670     
  -300.92592592432823       -34.722222222158962       -300.92592592447011     
   34.722222222373276        1018.5185185169446       -1.0112444215337746E-010  -254.62962962927259       -173.61111111110779       -254.62962962928759     
   173.61111111115835        92.592592590413858       -1.6375167888327269E-010   34.722222222285509        46.296296297486307       -34.722222222071181     
   46.296296297381659       -1.0112444215337746E-010   1018.5185185201888     
  -173.61111111110779       -254.62962962996468        173.61111111115835     
  -254.62962963028335       -1.6378010059270309E-010  -601.85185185480861     
   46.296296295113258        34.722222222162273       -254.62962962927259     
  -173.61111111110779        1018.5185185167561        6.5682570493663661E-011   46.296296295068920       -34.722222222359626       -601.85185184869749     
   1.6453327589260880E-010  -254.62962962896833        173.61111111107491     
  -34.722222222282170       -300.92592592751669       -173.61111111110779     
  -254.62962962996468        6.5710992203094065E-011   1018.5185185201924     
   34.722222222084810       -300.92592592757580        1.6453327589260880E-010   92.592592594916709        173.61111111107491       -254.62962963005208     
   46.296296295068913        34.722222222084838        1018.5185185181056     
   1.3011458577238955E-010   46.296296296934628       -34.722222222345351     
  -254.62962962944573       -173.61111111114727       -601.85185185103137     
   1.9549872831703397E-010  -254.62962962963212        173.61111111108221     
  -34.722222222359640       -300.92592592757580        1.3008616406295914E-010   1018.5185185189483        34.722222222099099       -300.92592592508095     
  -173.61111111114724       -254.62962963005214        1.9549872831703397E-010   92.592592593196969        173.61111111108224       -254.62962962943644     
   46.296296297081454       -34.722222222267860        46.296296296934635     
   34.722222222099099        1018.5185185195752        3.6493474908638746E-011  -254.62962962988496        173.61111111112172       -254.62962963004009     
  -173.61111111113996       -601.85185185366618        1.5053558399813483E-010   34.722222222176583       -300.92592592486949       -34.722222222345351     
  -300.92592592508100        3.6465053199208342E-011   1018.5185185175487     
   173.61111111112172       -254.62962962944439       -173.61111111113996     
  -254.62962962940964        1.5053558399813483E-010   92.592592591255880     
  -300.92592592700578        34.722222222278511       -254.62962962988496     
   173.61111111112172        1018.5185185195749       -1.3022827261011116E-010  -300.92592592691642       -34.722222222078400       -254.62962962981453     
  -173.61111111105663        92.592592594046764       -1.3498890893970383E-010  -34.722222222165954        46.296296295487728        173.61111111112174     
  -254.62962962944439       -1.3025669431954157E-010   1018.5185185173657     
   34.722222222366049        46.296296295553937       -173.61111111105663     
  -254.62962962908503       -1.3496759265763103E-010  -601.85185184987802     
  -300.92592592691642        34.722222222366042        1018.5185185194819     
  -3.0519231586367823E-010  -300.92592592682877       -34.722222221990990     
  -254.62962962971275       -173.61111111101297        92.592592593917047     
  -2.2245671971177217E-010  -254.62962962994098        173.61111111116560     
  -34.722222222078400        46.296296295553937       -3.0519231586367823E-010   1018.5185185174587        34.722222222453468        46.296296295618248     
  -173.61111111101300       -254.62962962889878       -2.2246382513912977E-010  -601.85185185005435        173.61111111116560       -254.62962962967777     
  -300.92592592682877        34.722222222453475        1018.5185185193882     
  -4.8049741963041015E-010  -300.92592592673930       -34.722222221902982     
  -254.62962962961021       -173.61111111096898        92.592592593786009     
  -3.1025848556964775E-010  -254.62962962999597        173.61111111120923     
  -34.722222221990997        46.296296295618220       -4.8046899792097975E-010   1018.5185185175511        34.722222222541461        46.296296295684357     
  -173.61111111096898       -254.62962962871092       -3.1023716928757494E-010  -601.85185185023204        173.61111111120920       -254.62962962991080     
  -300.92592592673930        34.722222222541461        1018.5185185192954     
  -6.5577410168771166E-010  -300.92592592665164       -34.722222221815890     
  -254.62962962950817       -173.61111111092532        92.592592593655468     
  -3.9766234749549767E-010  -254.62962963005185        173.61111111125322     
  -34.722222221902996        46.296296295684371       -6.5577410168771166E-010   1018.5185185176463        34.722222222628574        46.296296295748697     
  -173.61111111092532       -254.62962962852487       -3.9769076920492807E-010  -601.85185185040928        173.61111111125319       -254.62962963014525     
  -300.92592592665164        34.722222222628567        1018.5185185192028     
  -8.3136342254874762E-010  -300.92592592656382       -34.722222221727570     
  -254.62962962940571       -173.61111111088121        92.592592593525978     
  -4.8530068852414843E-010  -254.62962963010742        173.61111111129688     
  -34.722222221815890        46.296296295748711       -8.3136342254874762E-010   1018.5185185177368        34.722222222716880        46.296296295813477     
  -173.61111111088121       -254.62962962833600       -4.8530779395150603E-010  -601.85185185058504        173.61111111129691       -254.62962963037791     
  -300.92592592656382        34.722222222716894        1018.5185185191110     
  -1.0072369605040876E-009  -300.92592592647617       -34.722222221639541     
  -254.62962962930428       -173.61111111083738        92.592592593397043     
  -5.7372062656213529E-010  -254.62962963016369        173.61111111134102     
  -34.722222221727556        46.296296295813470       -1.0072369605040876E-009   1018.5185185178295        34.722222222804916        46.296296295878058     
  -173.61111111083738       -254.62962962814831       -5.7370641570742009E-010  -601.85185185076011        173.61111111134102       -254.62962963061284     
  -300.92592592647617        34.722222222804909        1018.5185185190173     
  -1.1829968116217060E-009  -300.92592592638755       -34.722222221551917     
  -254.62962962920105       -173.61111111079333        92.592592593266744     
  -6.6153660327472608E-010  -254.62962963021920        173.61111111138484     
  -34.722222221639541        46.296296295878072       -1.1829968116217060E-009   1018.5185185179228        34.722222222892540        46.296296295943293     
  -173.61111111079333       -254.62962962796078       -6.6153660327472608E-010  -601.85185185093678        173.61111111138484       -254.62962963084652     
  -300.92592592638761        34.722222222892555        1018.5185185189243     
  -1.3590977232524892E-009  -300.92592592629813       -34.722222221463753     
  -254.62962962909853       -173.61111111074933        92.592592593135507     
  -7.4924599857695284E-010  -254.62962963027553        173.61111111142890     
  -34.722222221551917        46.296296295943286       -1.3590977232524892E-009   1018.5185185180162        34.722222222980690        46.296296296009267     
  -173.61111111074931       -254.62962962777289       -7.4923178772223764E-010  -601.85185185111493        173.61111111142890       -254.62962963108095     
  -300.92592592629813        34.722222222980690        1018.5185185188304     
  -1.5348859960795380E-009  -300.92592592620980       -34.722222221375802     
  -254.62962962899650       -173.61111111070539        92.592592593005037     
  -8.3743856293949648E-010  -254.62962963033107        173.61111111147287     
  -34.722222221463745        46.296296296009267       -1.5348575743701076E-009   1018.5185185181094        34.722222223068627        46.296296296074367     
  -173.61111111070542       -254.62962962758522       -8.3744566836685408E-010  -601.85185185129217        173.61111111147287       -254.62962963131579     
  -300.92592592620974        34.722222223068634        1018.5185185187377     
  -1.7111574379669037E-009  -300.92592592612272       -34.722222221287460     
  -254.62962962889353       -173.61111111066117        92.592592592874979     
  -9.2560270559260971E-010  -254.62962963038672        173.61111111151675     
  -34.722222221375802        46.296296296074367       -1.7111858596763341E-009   1018.5185185182015        34.722222223157004        46.296296296138323     
  -173.61111111066117       -254.62962962739610       -9.2560270559260971E-010  -601.85185185146838        173.61111111151675       -254.62962963154982     
  -300.92592592612272        34.722222223157004        1018.5185185186505     
  -1.8797265965986298E-009  -300.92592592603734       -34.722222221207375     
  -254.62962962880152       -173.61111111062115        92.592592592754556     
  -1.0097167546518904E-009  -254.62962963044339        173.61111111156100     
  -34.722222221287453        46.296296296138330       -1.8797265965986298E-009   1018.5185185182988        34.722222223237075        46.296296296203792     
  -173.61111111062115       -254.62962962722386       -1.0097309655066056E-009  -601.85185185163186        173.61111111156100       -254.62962963178518     
  -300.92592592603739        34.722222223237083        1018.5185185186585     
  -1.9128094663756201E-009  -300.92592592604638       -34.722222221254256     
  -254.62962962888065       -173.61111111064466        92.592592592801452     
  -1.0264216143696103E-009  -254.62962963049554        173.61111111160108     
  -34.722222221207375        46.296296296203785       -1.9127810446661897E-009   1018.5185185184305        34.722222223190194        46.296296296231347     
  -173.61111111064466       -254.62962962729998       -1.0264145089422527E-009  -601.85185185156843        173.61111111160108       -254.62962963199737     
  -300.92592592604638        34.722222223190201        1018.5185185186618     
  -1.6993340068438556E-009  -300.92592592595827       -34.722222221421035     
  -254.62962962900747       -173.61111111072788        92.592592592840077     
  -9.1949914349243045E-010  -254.62962963048969        173.61111111157754     
  -34.722222221254249        46.296296296231354       -1.6993055851344252E-009   1018.5185185185580        34.722222223023408        46.296296296296795     
  -173.61111111072790       -254.62962962772252       -9.1949914349243045E-010  -601.85185185151579        173.61111111157754       -254.62962963184799     
  -300.92592592595827        34.722222223023408        1018.5185185185703     
  -1.3638441487273667E-009  -300.92592592586999       -34.722222221589846     
  -254.62962962913659       -173.61111111081237        92.592592592712009     
  -7.5164763302382198E-010  -254.62962963031748        173.61111111149432     
  -34.722222221421049        46.296296296296781       -1.3639009921462275E-009   1018.5185185186526        34.722222222854612        46.296296296361952     
  -173.61111111081237       -254.62962962815095       -7.5163342216910678E-010  -601.85185185168962        173.61111111149432       -254.62962963147086     
  -300.92592592586999        34.722222222854612        1018.5185185184771     
  -1.0259384453092935E-009  -300.92592592578183       -34.722222221758905     
  -254.62962962926531       -173.61111111089684        92.592592592582278     
  -5.8274451930628857E-010  -254.62962963014218        173.61111111140980     
  -34.722222221589846        46.296296296361952       -1.0259384453092935E-009   1018.5185185187454        34.722222222685538        46.296296296426860     
  -173.61111111089690       -254.62962962857992       -5.8274451930628857E-010  -601.85185185186560        173.61111111140980       -254.62962963108862     
  -300.92592592578183        34.722222222685524        1018.5185185183849     
  -6.8789063334406819E-010  -300.92592592569412       -34.722222221927694     
  -254.62962962939466       -173.61111111098137        92.592592592452590     
  -4.1389114358025836E-010  -254.62962962996687        173.61111111132533     
  -34.722222221758912        46.296296296426881       -6.8789063334406819E-010   1018.5185185188379        34.722222222516770        46.296296296491441     
  -173.61111111098137       -254.62962962900829       -4.1391245986233116E-010  -601.85185185204170        173.61111111132533       -254.62962963070623     
  -300.92592592569423        34.722222222516763        1018.5185185182648     
  -3.8235725696722511E-010  -300.92592592557719       -34.722222222064474     
  -254.62962962947717       -173.61111111104964        92.592592592275309     
  -2.6114577167390962E-010  -254.62962962979151        173.61111111124083     
  -34.722222221927687        46.296296296491434       -3.8235725696722511E-010   1018.5185185189229        34.722222222379983        46.296296296568379     
  -173.61111111104967       -254.62962962937644       -2.6111734996447922E-010  -601.85185185228238        173.61111111124086       -254.62962963032390     
  -300.92592592557719        34.722222222379983        1018.5185185181210     
  -1.7249135453312192E-010  -300.92592592546657       -34.722222222137560     
  -254.62962962950522       -173.61111111108630        92.592592592056661     
  -1.5617018789271242E-010  -254.62962962962865        173.61111111117256     
  -34.722222222064474        46.296296296568372       -1.7249135453312192E-010   1018.5185185189965        34.722222222306897        46.296296296640804     
  -173.61111111108630       -254.62962962959034       -1.5614887161063962E-010  -601.85185185257933        173.61111111117256       -254.62962963003608     
  -300.92592592546657        34.722222222306904        1018.5185185180073     
  -5.2352788770804182E-011   92.592592591889940       -9.6171959285129560E-011  -254.62962962952435        173.61111111113593       -34.722222222137553     
   46.296296296640818       -5.2352788770804182E-011   1018.5185185190812     
  -9.6179064712487161E-011  -601.85185185280534        173.61111111113590     
  -254.62962962989852        92.592592595539287       -1.2484946410040720E-010  -254.62962963010310        173.61111111112865        2037.0370370411031     
   1.0911094250332098E-010   92.592592595337990       -2.8082070002710680E-010  -601.85185185550927        2.2248514142120257E-010  -254.62962963030580     
  -173.61111111113254       -1.2484235867304960E-010  -601.85185184785269     
   173.61111111112865       -254.62962962927182        1.0913936421275139E-010   2037.0370370329711       -2.8083491088182200E-010  -601.85185184812588     
   2.2247803599384497E-010   92.592592589897549       -173.61111111113257     
  -254.62962962909492        92.592592595337976       -2.8081359459974919E-010   2037.0370370361870        2.3658230929868296E-010   92.592592588656956     
  -2.5191582153638592E-010  -254.62962962988126        173.61111111108963     
  -601.85185185103421        2.5411139858988463E-010  -254.62962962912863     
  -173.61111111112552       -2.8082780545446440E-010  -601.85185184812588     
   2.3658230929868296E-010   2037.0370370378873       -2.5192292696374352E-010  -601.85185185719297        173.61111111108966       -254.62962962923635     
   2.5410429316252703E-010   92.592592593195008       -173.61111111112552     
  -254.62962963022565       -254.62962962950525       -173.61111111108633     
   92.592592591889954       -9.6164853857771959E-011   92.592592588656970     
  -2.5192292696374352E-010   2037.0370370337241        5.1812776291626506E-011  -254.62962962877239        173.61111111109670       -601.85185184883539     
   2.0801849132112693E-010  -173.61111111108630       -254.62962962959034     
  -9.6179064712487161E-011  -601.85185185280523       -2.5191582153638592E-010  -601.85185185719297        5.1812776291626506E-011   2037.0370370403498     
   173.61111111109670       -254.62962963039161        2.0800428046641173E-010   92.592592594815187       -254.62962963015320       -173.61111111109355     
   92.592592595585813       -1.8505375010136049E-010  -254.62962963024100     
   173.61111111116534       -601.85185185550927        2.2249224684856017E-010  -254.62962962988124        173.61111111108966        2037.0370370411063     
  -1.3105250218359288E-010   92.592592595296367       -3.4093261547241127E-010  -601.85185185592627        3.6899194810757763E-010  -254.62962963027749     
  -173.61111111109591       -173.61111111109352       -254.62962962899013     
  -1.8507506638343330E-010  -601.85185184778936        173.61111111116534     
  -254.62962962937610        2.2248514142120257E-010   92.592592589897549     
   173.61111111108966       -254.62962962923638       -1.3102408047416247E-010   2037.0370370329674       -3.4092551004505367E-010  -601.85185184818226     
   3.6898484268022003E-010   92.592592589590382       -173.61111111109591     
  -254.62962962888133       -254.62962963030583       -173.61111111113257     
  -601.85185185103433        2.5409008230781183E-010  -254.62962962877239     
   173.61111111109670        92.592592595296352       -3.4092551004505367E-010   2037.0370370364540       -3.6095570976613089E-012   92.592592589072765     
  -3.1181457416096237E-010  -254.62962962998526        173.61111111112629     
  -601.85185185156251        4.0048320215646527E-010  -254.62962962916279     
  -173.61111111108863       -173.61111111113257       -254.62962962909495     
   2.5410429316252703E-010   92.592592593194979        173.61111111109670     
  -254.62962963039161       -3.4091129919033847E-010  -601.85185184818226     
  -3.5811353882309049E-012   2037.0370370376193       -3.1183589044303517E-010  -601.85185185662851        173.61111111112629       -254.62962962937425     
   4.0047609672910767E-010   92.592592592805588       -173.61111111108863     
  -254.62962962994811       -254.62962962947717       -173.61111111104967     
   92.592592592056661       -1.5615597703799722E-010  -254.62962962952435     
   173.61111111113593       -254.62962962912863       -173.61111111112552     
  -601.85185184883539        2.0800428046641173E-010   92.592592589072780     
  -3.1182878501567757E-010   2037.0370370341402       -1.8866330719902180E-010  -254.62962962894051        173.61111111113360       -601.85185184936370     
   3.5431924061413156E-010  -173.61111111104964       -254.62962962937641     
  -1.5616308246535482E-010  -601.85185185257910        173.61111111113593     
  -254.62962962989852       -173.61111111112552       -254.62962963022565     
   2.0800428046641173E-010   92.592592594815173       -3.1184299587039277E-010  -601.85185185662863       -1.8866330719902180E-010   2037.0370370399344     
   173.61111111113362       -254.62962963046712        3.5430502975941636E-010   92.592592594426009       -254.62962963015912       -173.61111111105686     
   92.592592595997260       -2.9005775559198810E-010  -254.62962963043958     
   173.61111111123381       -601.85185185592627        3.6899194810757763E-010  -254.62962962998526        173.61111111112632        2037.0370370415576     
  -5.5152327149698976E-010   92.592592595516521       -4.4558845502251643E-010  -601.85185185636647        6.4245142539220979E-010  -254.62962963019481     
  -173.61111111102750       -173.61111111105686       -254.62962962874218     
  -2.9007196644670330E-010  -601.85185184723105        173.61111111123381     
  -254.62962962962953        3.6897063182550482E-010   92.592592589590367     
   173.61111111112629       -254.62962962937425       -5.5158011491585057E-010   2037.0370370325168       -4.4558845502251643E-010  -601.85185184788361     
   6.4245142539220979E-010   92.592592589265877       -173.61111111102753     
  -254.62962962851245       -254.62962963027749       -173.61111111109588     
  -601.85185185156263        4.0047609672910767E-010  -254.62962962894051     
   173.61111111113362        92.592592595516550       -4.4560266587723163E-010   2037.0370370370210       -4.2447823034308385E-010   92.592592589645847     
  -4.1693226648931159E-010  -254.62962963014922        173.61111111119473     
  -601.85185185211003        6.7430505623633508E-010  -254.62962962914344     
  -173.61111111102019       -173.61111111109591       -254.62962962888130     
   4.0046188587439246E-010   92.592592592805602        173.61111111113360     
  -254.62962963046712       -4.4560977130458923E-010  -601.85185184788361     
  -4.2442138692422304E-010   2037.0370370370529       -4.1693226648931159E-010  -601.85185185585101        173.61111111119470       -254.62962962966179     
   6.7431216166369268E-010   92.592592592402269       -173.61111111102019     
  -254.62962962951579       -254.62962962939463       -173.61111111098137     
   92.592592592275309       -2.6111734996447922E-010  -254.62962962962871     
   173.61111111117256       -254.62962962916279       -173.61111111108863     
  -601.85185184936370        3.5430502975941636E-010   92.592592589645832     
  -4.1693226648931159E-010   2037.0370370347055       -6.0907723309355788E-010  -254.62962962916674        173.61111111120198       -601.85185184991008     
   6.2826899238643819E-010  -173.61111111098137       -254.62962962900832     
  -2.6112445539183682E-010  -601.85185185228238        173.61111111117256     
  -254.62962963003611       -173.61111111108863       -254.62962962994808     
   3.5430502975941636E-010   92.592592594426023       -4.1693226648931159E-010  -601.85185185585101       -6.0910565480298828E-010   2037.0370370393691     
   173.61111111120198       -254.62962963069234        6.2829030866851099E-010   92.592592594023230       -254.62962963011068       -173.61111111098836     
   92.592592596102008       -4.4272496779740322E-010  -254.62962963055338     
   173.61111111131808       -601.85185185636647        6.4246563624692499E-010  -254.62962963014922        173.61111111119470        2037.0370370416331     
  -1.1624479157035239E-009   92.592592595517402       -5.9851856804016279E-010  -601.85185185606974        9.8005159543390619E-010  -254.62962963000317     
  -173.61111111094320       -173.61111111098836       -254.62962962833848     
  -4.4273917865211843E-010  -601.85185184708894        173.61111111131808     
  -254.62962963007192        6.4245142539220979E-010   92.592592589265891     
   173.61111111119473       -254.62962962966179       -1.1625047591223847E-009   2037.0370370324408       -5.9851856804016279E-010  -601.85185184788236     
   9.8005870086126379E-010   92.592592589484525       -173.61111111094320     
  -254.62962962814785       -254.62962963019481       -173.61111111102753     
  -601.85185185211003        6.7431926709105028E-010  -254.62962962916674     
   173.61111111120201        92.592592595517416       -5.9851856804016279E-010   2037.0370370373366       -1.0357723567722132E-009   92.592592590087449     
  -5.7037397027670522E-010  -254.62962963026024        173.61111111127900     
  -601.85185185216392        1.0124807658939972E-009  -254.62962962904570     
  -173.61111111093561       -173.61111111102750       -254.62962962851245     
   6.7431926709105028E-010   92.592592592402269        173.61111111120198     
  -254.62962963069236       -5.9851856804016279E-010  -601.85185184788224     
  -1.0357723567722132E-009   2037.0370370367364       -5.7037397027670522E-010  -601.85185185525143        173.61111111127897       -254.62962963010708     
   1.0124949767487124E-009   92.592592592362308       -173.61111111093564     
  -254.62962962905527       -254.62962962926531       -173.61111111089687     
   92.592592592452604       -4.1388403815290076E-010  -254.62962962979151     
   173.61111111124083       -254.62962962914344       -173.61111111102019     
  -601.85185184991008        6.2829741409586859E-010   92.592592590087449     
  -5.7036686484934762E-010   2037.0370370351479       -1.2207408417452825E-009  -254.62962962937340        173.61111111128656       -601.85185185020407     
   9.6629548806959065E-010  -173.61111111089684       -254.62962962857992     
  -4.1389824900761596E-010  -601.85185185204170        173.61111111124083     
  -254.62962963032390       -173.61111111102022       -254.62962962951579     
   6.2828320324115339E-010   92.592592594023230       -5.7035975942199002E-010  -601.85185185525143       -1.2206839983264217E-009   2037.0370370389267     
   173.61111111128656       -254.62962963104394        9.6629548806959065E-010   92.592592593806785       -254.62962962992137       -173.61111111090412     
   92.592592595891006       -6.1146465668571182E-010  -254.62962963066755     
   173.61111111140238       -601.85185185606974        9.8005159543390619E-010  -254.62962963026024        173.61111111127900        2037.0370370413204     
  -1.8376908883510623E-009   92.592592595291109       -7.6761352829635143E-010  -601.85185185577382        1.3178862445784034E-009  -254.62962962980993     
  -173.61111111085842       -173.61111111090412       -254.62962962797164     
  -6.1148597296778462E-010  -601.85185184737520        173.61111111140241     
  -254.62962963051416        9.8005870086126379E-010   92.592592589484511     
   173.61111111127897       -254.62962963010708       -1.8377477317699231E-009   2037.0370370327519       -7.6760642286899383E-010  -601.85185184818920     
   1.3179004554331186E-009   92.592592589702434       -173.61111111085842     
  -254.62962962778164       -254.62962963000317       -173.61111111094320     
  -601.85185185216392        1.0124736604666396E-009  -254.62962962937337     
   173.61111111128656        92.592592595291109       -7.6760642286899383E-010   2037.0370370373942       -1.7123795714724110E-009   92.592592590393650     
  -7.3929129484895384E-010  -254.62962963037279        173.61111111136375     
  -601.85185185221758        1.3505996321327984E-009  -254.62962962894764     
  -173.61111111085097       -173.61111111094320       -254.62962962814785     
   1.0124807658939972E-009   92.592592592362323        173.61111111128656     
  -254.62962963104397       -7.6762063372370903E-010  -601.85185184818931     
  -1.7123795714724110E-009   2037.0370370366804       -7.3929840027631144E-010  -601.85185185483613        173.61111111136375       -254.62962963055395     
   1.3506280538422288E-009   92.592592592323115       -173.61111111085097     
  -254.62962962859464       -254.62962962913659       -173.61111111081237     
   92.592592592582278       -5.8275162473364617E-010  -254.62962962996687     
   173.61111111132533       -254.62962962904570       -173.61111111093561     
  -601.85185185020407        9.6629548806959065E-010   92.592592590393650     
  -7.3931261113102664E-010   2037.0370370354590       -1.8971491044794675E-009  -254.62962962958082        173.61111111137123       -601.85185185050102     
   1.3043077728980279E-009  -173.61111111081237       -254.62962962815095     
  -5.8274451930628857E-010  -601.85185185186572        173.61111111132533     
  -254.62962963070623       -173.61111111093564       -254.62962962905527     
   9.6630259349694825E-010   92.592592593806785       -7.3927708399423864E-010  -601.85185185483613       -1.8971491044794675E-009   2037.0370370386152     
   173.61111111137123       -254.62962963139526        1.3043077728980279E-009   92.592592593587753       -254.62962962973202       -173.61111111081976     
   92.592592595680230       -7.8022566185609321E-010  -254.62962963078175     
   173.61111111148682       -601.85185185577370        1.3178933500057610E-009  -254.62962963037279        173.61111111136375        2037.0370370410096     
  -2.5140423076663865E-009   92.592592595066307       -9.3687901880912250E-010  -601.85185185547812        1.6562466953473631E-009  -254.62962962961760     
  -173.61111111077375       -173.61111111081976       -254.62962962760452     
  -7.8021855642873561E-010  -601.85185184766124        173.61111111148679     
  -254.62962963095706        1.3179004554331186E-009   92.592592589702434     
   173.61111111136375       -254.62962963055392       -2.5140707293758169E-009   2037.0370370330634       -9.3687901880912250E-010  -601.85185184849456     
   1.6562538007747207E-009   92.592592589920571       -173.61111111077375     
  -254.62962962741508       -254.62962962980993       -173.61111111085842     
  -601.85185185221769        1.3506138429875136E-009  -254.62962962958082     
   173.61111111137123        92.592592595066321       -9.3687901880912250E-010   2037.0370370374512       -2.3894699552329257E-009   92.592592590698871     
  -9.0813045972026885E-010  -254.62962963048497        173.61111111144848     
  -601.85185185227306        1.6891661402951286E-009  -254.62962962885021     
  -173.61111111076650       -173.61111111085842       -254.62962962778164     
   1.3505996321327984E-009   92.592592592323115        173.61111111137123     
  -254.62962963139523       -9.3687901880912250E-010  -601.85185184849456     
  -2.3894983769423561E-009   2037.0370370366231       -9.0812335429291124E-010  -601.85185185442174        173.61111111144845       -254.62962963100068     
   1.6891661402951286E-009   92.592592592282188       -173.61111111076650     
  -254.62962962813464       -254.62962962900747       -173.61111111072788     
   92.592592592712009       -7.5163342216910678E-010  -254.62962963014215     
   173.61111111140980       -254.62962962894764       -173.61111111085097     
  -601.85185185050091        1.3043077728980279E-009   92.592592590698871     
  -9.0813045972026885E-010   2037.0370370357696       -2.5733868369570700E-009  -254.62962962978725        173.61111111145573       -601.85185185079501     
   1.6421424220425251E-009  -173.61111111072788       -254.62962962772252     
  -7.5163342216910678E-010  -601.85185185168962        173.61111111140983     
  -254.62962963108862       -173.61111111085097       -254.62962962859467     
   1.3043077728980279E-009   92.592592593587739       -9.0813756514762645E-010  -601.85185185442174       -2.5733299935382092E-009   2037.0370370383043     
   173.61111111145573       -254.62962963174627        1.6421211057604523E-009   92.592592593371307       -254.62962962954245       -173.61111111073535     
   92.592592595448565       -9.4841823283786653E-010  -254.62962963088756     
   173.61111111157055       -601.85185185547812        1.6562538007747207E-009  -254.62962963048497        173.61111111144845        2037.0370370406727     
  -3.1871252303972142E-009   92.592592594826357       -1.1053558068851999E-009  -601.85185185513319        1.9910473270101647E-009  -254.62962962942134     
  -173.61111111069008       -173.61111111073541       -254.62962962723694     
  -9.4840402198315132E-010  -601.85185184797558        173.61111111157061     
  -254.62962963140421        1.6562609062020783E-009   92.592592589920557     
   173.61111111144842       -254.62962963100065       -3.1870968086877838E-009   2037.0370370334017       -1.1053629123125575E-009  -601.85185184882016     
   1.9910402215828071E-009   92.592592590174746       -173.61111111069010     
  -254.62962962705919       -254.62962962961760       -173.61111111077375     
  -601.85185185227306        1.6891590348677710E-009  -254.62962962978725     
   173.61111111145573        92.592592594826328       -1.1053487014578423E-009   2037.0370370374924       -3.0617002266808413E-009   92.592592590996901     
  -1.0762022384369629E-009  -254.62962963058999        173.61111111153213     
  -601.85185185229557        2.0231993858033093E-009  -254.62962962875227     
  -173.61111111068320       -173.61111111077378       -254.62962962741511     
   1.6891661402951286E-009   92.592592592282159        173.61111111145570     
  -254.62962963174627       -1.1053629123125575E-009  -601.85185184882016     
  -3.0617002266808413E-009   2037.0370370365820       -1.0761880275822477E-009  -601.85185185401747        173.61111111153210       -254.62962963144781     
   2.0232135966580245E-009   92.592592592265831       -173.61111111068323     
  -254.62962962768290       -254.62962962888065       -173.61111111064466     
   92.592592592840077       -9.1952756520186085E-010  -254.62962963031748     
   173.61111111149432       -254.62962962885021       -173.61111111076650     
  -601.85185185079513        1.6421353166151675E-009   92.592592590996873     
  -1.0761738167275325E-009   2037.0370370360740       -3.2442244446428958E-009  -254.62962962998864        173.61111111153895       -601.85185185107889     
   1.9756996039177466E-009  -173.61111111064463       -254.62962962729995     
  -9.1951335434714565E-010  -601.85185185151579        173.61111111149430     
  -254.62962963147083       -173.61111111076650       -254.62962962813464     
   1.6421495274698827E-009   92.592592593371293       -1.0761951330096053E-009  -601.85185185401747       -3.2441960229334654E-009   2037.0370370380001     
   173.61111111153897       -254.62962963209444        1.9756782876356738E-009   92.592592593161712       -254.62962962934657       -173.61111111065162     
   92.592592594055930       -1.0555467611084168E-009  -254.62962963047733     
   173.61111111159400       -601.85185185513319        1.9910473270101647E-009  -254.62962963059002        173.61111111153213        2037.0370370389146     
  -3.6144456316833384E-009   92.592592593758283       -1.2119585335312877E-009  -601.85185185213732        2.0837020997532818E-009  -254.62962962904456     
  -173.61111111066725       -173.61111111065162       -254.62962962687996     
  -1.0555396556810592E-009  -601.85185184986585        173.61111111159400     
  -254.62962963196892        1.9910473270101647E-009   92.592592590174760     
   173.61111111153210       -254.62962963144781       -3.6144456316833384E-009   2037.0370370351602       -1.2119514281039301E-009  -601.85185185026967     
   2.0836807834712090E-009   92.592592592382431       -173.61111111066725     
  -254.62962962728534       -254.62962962942134       -173.61111111069010     
  -601.85185185229557        2.0232207020853821E-009  -254.62962962998864     
   173.61111111153897        92.592592593758283       -1.2119372172492149E-009   2037.0370370365874       -3.4879690247180406E-009   92.592592590797366     
  -1.1829968116217060E-009  -254.62962963029503        173.61111111155489     
  -601.85185185055548        2.1157617879907775E-009  -254.62962962858731     
  -173.61111111065983       -173.61111111069008       -254.62962962705919     
   2.0232064912306669E-009   92.592592592265817        173.61111111153895     
  -254.62962963209444       -1.2119585335312877E-009  -601.85185185026967     
  -3.4879690247180406E-009   2037.0370370374851       -1.1830039170490636E-009  -601.85185185428804        173.61111111155492       -254.62962963189335     
   2.1157475771360623E-009   92.592592593547181       -173.61111111065981     
  -254.62962962769345       -254.62962962880155       -173.61111111062115     
   92.592592592801466       -1.0264074035148951E-009  -254.62962963048969     
   173.61111111157754       -254.62962962875224       -173.61111111068323     
  -601.85185185107900        1.9756924984903890E-009   92.592592590797366     
  -1.1829968116217060E-009   2037.0370370359039       -3.6711469419969944E-009  -254.62962962990812        173.61111111156237       -601.85185185047203     
   2.0693207147814974E-009  -173.61111111062115       -254.62962962722384     
  -1.0264216143696103E-009  -601.85185185156831        173.61111111157754     
  -254.62962963184799       -173.61111111068323       -254.62962962768293     
   1.9756711822083162E-009   92.592592593161726       -1.1829968116217060E-009  -601.85185185428804       -3.6711185202875640E-009   2037.0370370381693     
   173.61111111156237       -254.62962963232954        2.0693420310635702E-009   92.592592593609481       -254.62962962885214       -173.61111111062820     
   92.592592592604561       -1.0391829619038617E-009  -254.62962963033976     
   173.61111111155424       -601.85185185213732        2.0836949943259242E-009  -254.62962963029503        173.61111111155489        2037.0370370370833     
  -3.5467451198201161E-009   92.592592592646824       -1.1944720768042316E-009  -601.85185185165471        1.9233610260016576E-009  -254.62962962905590     
  -173.61111111070758       -173.61111111062820       -254.62962962721991     
  -1.0391758564765041E-009  -601.85185185183548        173.61111111155424     
  -254.62962963184395        2.0836807834712090E-009   92.592592592382431     
   173.61111111155489       -254.62962963189335       -3.5467166981106857E-009   2037.0370370369903       -1.1944791822315892E-009  -601.85185185177806     
   1.9233468151469424E-009   92.592592592737958       -173.61111111070755     
  -254.62962962753994       -254.62962962904456       -173.61111111066725     
  -601.85185185055548        2.1157404717087047E-009  -254.62962962990810     
   173.61111111156237        92.592592592646810       -1.1944649713768740E-009   2037.0370370356331       -3.4202685128548183E-009   92.592592590571854     
  -1.1664980092973565E-009  -254.62962963016165        173.61111111151462     
  -601.85185185048113        1.9554207142391533E-009  -254.62962962870085     
  -173.61111111069960       -173.61111111066725       -254.62962962728534     
   2.1157546825634199E-009   92.592592593547209        173.61111111156237     
  -254.62962963232954       -1.1944720768042316E-009  -601.85185185177806     
  -3.4203537779831095E-009   2037.0370370384405       -1.1665122201520717E-009  -601.85185185459420        173.61111111151462       -254.62962963176082     
   1.9554278196665109E-009   92.592592593602518       -173.61111111069960     
  -254.62962962784232       -254.62962962889353       -173.61111111066117     
   92.592592592754571       -1.0097238600792480E-009  -254.62962963049557     
   173.61111111160108       -254.62962962858728       -173.61111111065983     
  -601.85185185047203        2.0693278202088550E-009   92.592592590571854     
  -1.1664980092973565E-009   2037.0370370357086       -3.6053506846656092E-009  -254.62962962987868        173.61111111152260       -601.85185185070816     
   1.9096546566288453E-009  -173.61111111066117       -254.62962962739610     
  -1.0097380709339632E-009  -601.85185185163186        173.61111111160108     
  -254.62962963199737       -173.61111111065983       -254.62962962769345     
   2.0693420310635702E-009   92.592592593609467       -1.1665264310067869E-009  -601.85185185459420       -3.6053506846656092E-009   2037.0370370383648     
   173.61111111152263       -254.62962963209654        1.9096333403467725E-009   92.592592593435256       -254.62962962885769       -173.61111111066799     
   92.592592592314759       -9.5530339194738190E-010  -254.62962963022284     
   173.61111111151010       -601.85185185165460        1.9233397097195848E-009  -254.62962963016165        173.61111111151462        2037.0370370366761     
  -3.2100615499075502E-009   92.592592592365691       -1.1098464369752037E-009  -601.85185185136379        1.7468337887294183E-009  -254.62962962909597     
  -173.61111111075172       -173.61111111066796       -254.62962962747690     
  -9.5530339194738190E-010  -601.85185185222872        173.61111111151010     
  -254.62962963166979        1.9233468151469424E-009   92.592592592737930     
   173.61111111151462       -254.62962963176082       -3.2100615499075502E-009   2037.0370370373971       -1.1098464369752037E-009  -601.85185185215960     
   1.7468408941567759E-009   92.592592592952172       -173.61111111075172     
  -254.62962962779122       -254.62962962905587       -173.61111111070755     
  -601.85185185048113        1.9554207142391533E-009  -254.62962962987868     
   173.61111111152263        92.592592592365719       -1.1098535424025613E-009   2037.0370370356268       -3.0838975817459868E-009   92.592592590844220     
  -1.0827747587427439E-009  -254.62962963004287        173.61111111147048     
  -601.85185185054252        1.7791634832065029E-009  -254.62962962883546     
  -173.61111111074362       -173.61111111070758       -254.62962962753997     
   1.9554278196665109E-009   92.592592593602518        173.61111111152260     
  -254.62962963209654       -1.1098535424025613E-009  -601.85185185215960     
  -3.0839260034554172E-009   2037.0370370384476       -1.0827676533153863E-009  -601.85185185422472        173.61111111147048       -254.62962963158827     
   1.7791492723517877E-009   92.592592593557100       -173.61111111074365     
  -254.62962962799836       -254.62962962899647       -173.61111111070542     
   92.592592592874965       -9.2560270559260971E-010  -254.62962963044339     
   173.61111111156100       -254.62962962870083       -173.61111111069957     
  -601.85185185070804        1.9096475512014877E-009   92.592592590844205     
  -1.0827818641701015E-009   2037.0370370359901       -3.2691787055227906E-009  -254.62962962985452        173.61111111147858       -601.85185185100568     
   1.7333405821773340E-009  -173.61111111070539       -254.62962962758525     
  -9.2558849473789451E-010  -601.85185185146838        173.61111111156100     
  -254.62962963178518       -173.61111111069960       -254.62962962784229     
   1.9096546566288453E-009   92.592592593435285       -1.0827818641701015E-009  -601.85185185422461       -3.2691787055227906E-009   2037.0370370380847     
   173.61111111147858       -254.62962963183008        1.7333263713226188E-009   92.592592593215926       -254.62962962889958       -173.61111111071210     
   92.592592592103756       -8.6691898104618303E-010  -254.62962963010523     
   173.61111111146579       -601.85185185136379        1.7468551050114911E-009  -254.62962963004287        173.61111111147048        2037.0370370363648     
  -2.8571207622007933E-009   92.592592592141017       -1.0217533485956665E-009  -601.85185185106411        1.5703562894486822E-009  -254.62962962913414     
  -173.61111111079566       -173.61111111071210       -254.62962962772610     
  -8.6691187561882543E-010  -601.85185185251510        173.61111111146579     
  -254.62962963149494        1.7468408941567759E-009   92.592592592952201     
   173.61111111147048       -254.62962963158824       -2.8570923404913628E-009   2037.0370370377070       -1.0217462431683089E-009  -601.85185185246451     
   1.5703633948760398E-009   92.592592593172952       -173.61111111079566     
  -254.62962962804312       -254.62962962909603       -173.61111111075172     
  -601.85185185054252        1.7791421669244301E-009  -254.62962962985452     
   173.61111111147858        92.592592592141003       -1.0217533485956665E-009   2037.0370370356839       -2.7317526019032812E-009   92.592592591149682     
  -9.9473851378206746E-010  -254.62962962992282        173.61111111142651     
  -601.85185185059049        1.6031975746955140E-009  -254.62962962896833     
  -173.61111111078759       -173.61111111075169       -254.62962962779122     
   1.7791492723517877E-009   92.592592593557129        173.61111111147861     
  -254.62962963183008       -1.0217462431683089E-009  -601.85185185246451     
  -2.7317526019032812E-009   2037.0370370383905       -9.9474561920942506E-010  -601.85185185380988        173.61111111142654       -254.62962963141828     
   1.6032117855502293E-009   92.592592593522056       -173.61111111078759     
  -254.62962962815550       -254.62962962909853       -173.61111111074931     
   92.592592593005037       -8.3743856293949648E-010  -254.62962963038675     
   173.61111111151675       -254.62962962883546       -173.61111111074362     
  -601.85185185100568        1.7333263713226188E-009   92.592592591149696     
  -9.9474561920942506E-010   2037.0370370363007       -2.9169768822612241E-009  -254.62962962982957        173.61111111143464       -601.85185185129956     
   1.5573462519569148E-009  -173.61111111074931       -254.62962962777294     
  -8.3744566836685408E-010  -601.85185185129205        173.61111111151675     
  -254.62962963154982       -173.61111111074362       -254.62962962799833     
   1.7333476876046916E-009   92.592592593215926       -9.9474561920942506E-010  -601.85185185380988       -2.9169768822612241E-009   2037.0370370377727     
   173.61111111143464       -254.62962963156502        1.5573320411021996E-009   92.592592592999409       -254.62962962894153       -173.61111111075638     
   92.592592591892924       -7.7902484463265864E-010  -254.62962962998952     
   173.61111111142228       -601.85185185106411        1.5703633948760398E-009  -254.62962962992282        173.61111111142654        2037.0370370360524     
  -2.5056579033844173E-009   92.592592591914098       -9.3396579359250609E-010  -601.85185185076830        1.3954988276054792E-009  -254.62962962917319     
  -173.61111111083960       -173.61111111075638       -254.62962962797658     
  -7.7902484463265864E-010  -601.85185185280125        173.61111111142228     
  -254.62962963132344        1.5703491840213246E-009   92.592592593172924     
   173.61111111142651       -254.62962963141825       -2.5057147468032781E-009   2037.0370370380222       -9.3395868816514849E-010  -601.85185185277260     
   1.3954917221781216E-009   92.592592593391146       -173.61111111083960     
  -254.62962962829397       -254.62962962913414       -173.61111111079566     
  -601.85185185059049        1.6032046801228717E-009  -254.62962962982957     
   173.61111111143464        92.592592591914112       -9.3396579359250609E-010   2037.0370370357400       -2.3793234049662715E-009   92.592592591454604     
  -9.0632568117143819E-010  -254.62962962980350        173.61111111138260     
  -601.85185185064768        1.4267769188336388E-009  -254.62962962910328     
  -173.61111111083196       -173.61111111079566       -254.62962962804312     
   1.6031904692681564E-009   92.592592593522085        173.61111111143464     
  -254.62962963156508       -9.3396579359250609E-010  -601.85185185277260     
  -2.3793234049662715E-009   2037.0370370383362       -9.0632568117143819E-010  -601.85185185339606        173.61111111138260       -254.62962963124761     
   1.4267698134062812E-009   92.592592593479807       -173.61111111083196     
  -254.62962962831344       -254.62962962920105       -173.61111111079333     
   92.592592593135521       -7.4925310400431044E-010  -254.62962963033107     
   173.61111111147287       -254.62962962896833       -173.61111111078759     
  -601.85185185129944        1.5573249356748420E-009   92.592592591454618     
  -9.0633278659879579E-010   2037.0370370366120       -2.5645476853242144E-009  -254.62962962980458        173.61111111139027       -601.85185185159742     
   1.3804992704535834E-009  -173.61111111079333       -254.62962962796078     
  -7.4925310400431044E-010  -601.85185185111493        173.61111111147284     
  -254.62962963131579       -173.61111111078759       -254.62962962815550     
   1.5573462519569148E-009   92.592592592999409       -9.0633278659879579E-010  -601.85185185339617       -2.5645476853242144E-009   2037.0370370374608     
   173.61111111139027       -254.62962963129709        1.3804708487441530E-009   92.592592592779994       -254.62962962898234       -173.61111111079992     
   92.592592591683442       -6.9131544933043187E-010  -254.62962962987265     
   173.61111111137814       -601.85185185076830        1.3954988276054792E-009  -254.62962962980350        173.61111111138260        2037.0370370357446     
  -2.1549055873038014E-009   92.592592591691698       -8.4635587427328574E-010  -601.85185185047999        1.2196110787954240E-009  -254.62962962921276     
  -173.61111111088337       -173.61111111079992       -254.62962962822300     
  -6.9133676561250468E-010  -601.85185185308558        173.61111111137811     
  -254.62962963114887        1.3954988276054792E-009   92.592592593391146     
   173.61111111138260       -254.62962963124761       -2.1547919004660798E-009   2037.0370370383289       -8.4637008512800094E-010  -601.85185185307432     
   1.2196110787954240E-009   92.592592593602802       -173.61111111088337     
  -254.62962962854346       -254.62962962917319       -173.61111111083960     
  -601.85185185064768        1.4267911296883540E-009  -254.62962962980453     
   173.61111111139027        92.592592591691670       -8.4635587427328574E-010   2037.0370370358016       -2.0267520994821098E-009   92.592592591763619     
  -8.1810469509946415E-010  -254.62962962968538        173.61111111133883     
  -601.85185185070782        1.2510668057075236E-009  -254.62962962923831     
  -173.61111111087615       -173.61111111083960       -254.62962962829397     
   1.4267698134062812E-009   92.592592593479822        173.61111111139027     
  -254.62962963129709       -8.4637008512800094E-010  -601.85185185307432     
  -2.0267520994821098E-009   2037.0370370382734       -8.1809758967210655E-010  -601.85185185297701        173.61111111133880       -254.62962963107668     
   1.2510881219895964E-009   92.592592593435583       -173.61111111087615     
  -254.62962962847007       -254.62962962930425       -173.61111111083736     
   92.592592593266744       -6.6152239242001087E-010  -254.62962963027553     
   173.61111111142887       -254.62962962910331       -173.61111111083198     
  -601.85185185159742        1.3804566378894378E-009   92.592592591763633     
  -8.1809758967210655E-010   2037.0370370369264       -2.2112658371042926E-009  -254.62962962977991        173.61111111134608       -601.85185185189630     
   1.2047252084812499E-009  -173.61111111083738       -254.62962962814831     
  -6.6152949784736848E-010  -601.85185185093678        173.61111111142887     
  -254.62962963108095       -173.61111111083196       -254.62962962831347     
   1.3805063758809411E-009   92.592592592780008       -8.1811180052682175E-010  -601.85185185297689       -2.2112658371042926E-009   2037.0370370371463     
   173.61111111134608       -254.62962963103001        1.2047323139086075E-009   92.592592592559825       -254.62962962902452       -173.61111111084406     
   92.592592591470918       -6.0281735159151140E-010  -254.62962962975413     
   173.61111111133371       -601.85185185047999        1.2196252896501392E-009  -254.62962962968538        173.61111111133880        2037.0370370354321     
  -1.8020216430159053E-009   92.592592591466371       -7.5839778901354293E-010  -601.85185185017440        1.0425651453260798E-009  -254.62962962925081     
  -173.61111111092745       -173.61111111084409       -254.62962962847229     
  -6.0280314073679619E-010  -601.85185185337389        173.61111111133371     
  -254.62962963097428        1.2196110787954240E-009   92.592592593602774     
   173.61111111133883       -254.62962963107668       -1.8020216430159053E-009   2037.0370370386422       -7.5839068358618533E-010  -601.85185185338014     
   1.0425651453260798E-009   92.592592593828670       -173.61111111092742     
  -254.62962962879621       -254.62962962921276       -173.61111111088337     
  -601.85185185070782        1.2510668057075236E-009  -254.62962962977994     
   173.61111111134608        92.592592591466371       -7.5840489444090053E-010   2037.0370370358582       -1.6754029275034554E-009   92.592592592069181     
  -7.3018213697650936E-010  -254.62962962956504        173.61111111129472     
  -601.85185185075807        1.0752074786068988E-009  -254.62962962937053     
  -173.61111111091978       -173.61111111088337       -254.62962962854346     
   1.2510810165622388E-009   92.592592593435597        173.61111111134608     
  -254.62962963103001       -7.5839068358618533E-010  -601.85185185338014     
  -1.6754029275034554E-009   2037.0370370382136       -7.3020345325858216E-010  -601.85185185256205        173.61111111129475       -254.62962963090621     
   1.0752145840342564E-009   92.592592593398336       -173.61111111091978     
  -254.62962962862574       -254.62962962940571       -173.61111111088121     
   92.592592593397057       -5.7369931028006249E-010  -254.62962963021920     
   173.61111111138484       -254.62962962923834       -173.61111111087615     
  -601.85185185189630        1.2047394193359651E-009   92.592592592069195     
  -7.3017503154915175E-010   2037.0370370372384       -1.8599166651256382E-009  -254.62962962975593        173.61111111130245       -601.85185185218927     
   1.0291358876202139E-009  -173.61111111088121       -254.62962962833600     
  -5.7372062656213529E-010  -601.85185185076000        173.61111111138484     
  -254.62962963084652       -173.61111111087615       -254.62962962847007     
   1.2047252084812499E-009   92.592592592559839       -7.3018213697650936E-010  -601.85185185256205       -1.8599450868350687E-009   2037.0370370368371     
   173.61111111130245       -254.62962963076623        1.0291287821928563E-009   92.592592592343919       -254.62962962906590       -173.61111111088849     
   92.592592591258210       -5.1473136863933178E-010  -254.62962962963800     
   173.61111111129003       -601.85185185017440        1.0425793561807950E-009  -254.62962962956507        173.61111111129475        2037.0370370351163     
  -1.4492513855657307E-009   92.592592591238258       -6.7004179982177448E-010  -601.85185184987904        8.6679818878110382E-010  -254.62962962929006     
  -173.61111111097165       -173.61111111088849       -254.62962962872405     
  -5.1474557949404698E-010  -601.85185185366265        173.61111111129003     
  -254.62962963080199        1.0425651453260798E-009   92.592592593828641     
   173.61111111129475       -254.62962963090621       -1.4492513855657307E-009   2037.0370370389587       -6.7004890524913208E-010  -601.85185185368971     
   8.6680529420846142E-010   92.592592594046181       -173.61111111097165     
  -254.62962962904882       -254.62962962925081       -173.61111111092742     
  -601.85185185075807        1.0752145840342564E-009  -254.62962962975590     
   173.61111111130245        92.592592591238258       -6.7005601067648968E-010   2037.0370370359124       -1.3239116469776491E-009   92.592592592373023     
  -6.4238747654599138E-010  -254.62962962944496        173.61111111125052     
  -601.85185185081036        8.9913498868554598E-010  -254.62962962950374     
  -173.61111111096358       -173.61111111092742       -254.62962962879621     
   1.0752003731795412E-009   92.592592593398365        173.61111111130245     
  -254.62962963076623       -6.7004890524913208E-010  -601.85185185368971     
  -1.3239116469776491E-009   2037.0370370381597       -6.4236616026391857E-010  -601.85185185214971        173.61111111125052       -254.62962963073440     
   8.9914209411290358E-010   92.592592593359939       -173.61111111096358     
  -254.62962962878180       -254.62962962950814       -173.61111111092532     
   92.592592593526007       -4.8529358309679083E-010  -254.62962963016369     
   173.61111111134102       -254.62962962937058       -173.61111111091978     
  -601.85185185218916        1.0291287821928563E-009   92.592592592373023     
  -6.4236616026391857E-010   2037.0370370375467       -1.5090790839167312E-009  -254.62962962973131        173.61111111125859       -601.85185185248292     
   8.5309892483564909E-010  -173.61111111092532       -254.62962962852487     
  -4.8530779395150603E-010  -601.85185185058504        173.61111111134102     
  -254.62962963061281       -173.61111111091978       -254.62962962862574     
   1.0291216767654987E-009   92.592592592343919       -6.4235194940920337E-010  -601.85185185214971       -1.5090790839167312E-009   2037.0370370365279     
   173.61111111125859       -254.62962963050137        8.5311313569036429E-010   92.592592592127630       -254.62962962910717       -173.61111111093220     
   92.592592591048614       -4.2690828649938339E-010  -254.62962962952139     
   173.61111111124598       -601.85185184987904        8.6678397792638862E-010  -254.62962962944499        173.61111111125052        2037.0370370348064     
  -1.0978453701682156E-009   92.592592591014466       -5.8221161225446849E-010  -601.85185184958755        6.9123728962949826E-010  -254.62962962932923     
  -173.61111111101539       -173.61111111093220       -254.62962962897117     
  -4.2688697021731059E-010  -601.85185185394721        173.61111111124595     
  -254.62962963062773        8.6680529420846142E-010   92.592592594046195     
   173.61111111125052       -254.62962963073440       -1.0978169484587852E-009   2037.0370370392650       -5.8221871768182609E-010  -601.85185185399359     
   6.9123728962949826E-010   92.592592594260935       -173.61111111101539     
  -254.62962962929817       -254.62962962929006       -173.61111111097165     
  -601.85185185081036        8.9913498868554598E-010  -254.62962962973131     
   173.61111111125859        92.592592591014451       -5.8223292853654129E-010   2037.0370370359740       -9.7224983619526029E-010   92.592592592679480     
  -5.5468518667112221E-010  -254.62962962932679        173.61111111120684     
  -601.85185185087073        7.2385830662824446E-010  -254.62962962963849     
  -173.61111111100766       -173.61111111097165       -254.62962962904882     
   8.9914919954026118E-010   92.592592593359925        173.61111111125859     
  -254.62962963050137       -5.8223292853654129E-010  -601.85185185399359     
  -9.7224983619526029E-010   2037.0370370381045       -5.5468518667112221E-010  -601.85185185173373        173.61111111120684       -254.62962963056427     
   7.2386541205560206E-010   92.592592593315146       -173.61111111100769     
  -254.62962962893801       -254.62962962961021       -173.61111111096898     
   92.592592593655482       -3.9766945292285527E-010  -254.62962963010742     
   173.61111111129691       -254.62962962950377       -173.61111111096358     
  -601.85185185248292        8.5312024111772189E-010   92.592592592679523     
  -5.5468518667112221E-010   2037.0370370378569       -1.1576730685192160E-009  -254.62962962970684        173.61111111121451       -601.85185185278078     
   6.7811356530000921E-010  -173.61111111096898       -254.62962962871092     
  -3.9766234749549767E-010  -601.85185185040928        173.61111111129688     
  -254.62962963037791       -173.61111111096358       -254.62962962878180     
   8.5309892483564909E-010   92.592592592127630       -5.5469229209847981E-010  -601.85185185173373       -1.1576730685192160E-009   2037.0370370362127     
   173.61111111121454       -254.62962963023492        6.7809935444529401E-010   92.592592591908101       -254.62962962914906       -173.61111111097625     
   92.592592590836944       -3.3865887871797895E-010  -254.62962962940364     
   173.61111111120184       -601.85185184958755        6.9123728962949826E-010  -254.62962962932679        173.61111111120687        2037.0370370344931     
  -7.4697936724987812E-010   92.592592590787774       -4.9494275344841299E-010  -601.85185184928491        5.1584692073447513E-010  -254.62962962936626     
  -173.61111111105896       -173.61111111097625       -254.62962962922020     
  -3.3867308957269415E-010  -601.85185185423438        173.61111111120181     
  -254.62962963045422        6.9122307877478306E-010   92.592592594260893     
   173.61111111120687       -254.62962963056427       -7.4700778895930853E-010   2037.0370370395781       -4.9493564802105539E-010  -601.85185185430112     
   5.1583270987975993E-010   92.592592594483961       -173.61111111105893     
  -254.62962962954862       -254.62962962932923       -173.61111111101536     
  -601.85185185087073        7.2387962291031727E-010  -254.62962962970684     
   173.61111111121454        92.592592590787774       -4.9493564802105539E-010   2037.0370370360292       -6.2169647208065726E-010   92.592592592985014     
  -4.6689763166796183E-010  -254.62962962920707        173.61111111116324     
  -601.85185185091677        5.4885873623788939E-010  -254.62962962977133     
  -173.61111111105154       -173.61111111101539       -254.62962962929819     
   7.2387251748295967E-010   92.592592593315160        173.61111111121451     
  -254.62962963023492       -4.9493564802105539E-010  -601.85185185430112     
  -6.2169647208065726E-010   2037.0370370380476       -4.6691184252267703E-010  -601.85185185131922        173.61111111116324       -254.62962963039635     
   5.4887294709260459E-010   92.592592593281722       -173.61111111105154     
  -254.62962962909475       -254.62962962971278       -173.61111111101300     
   92.592592593786023       -3.1025138014229015E-010  -254.62962963005185     
   173.61111111125319       -254.62962962963854       -173.61111111100769     
  -601.85185185278078        6.7809224901793641E-010   92.592592592985000     
  -4.6691184252267703E-010   2037.0370370381693       -8.0640916166885290E-010  -254.62962962968189        173.61111111117066       -601.85185185307478     
   5.0229687076353002E-010  -173.61111111101297       -254.62962962889878     
  -3.1025848556964775E-010  -601.85185185023204        173.61111111125322     
  -254.62962963014525       -173.61111111100766       -254.62962962893801     
   6.7810645987265161E-010   92.592592591908101       -4.6690473709531943E-010  -601.85185185131922       -8.0643758337828331E-010   2037.0370370359042     
   173.61111111117066       -254.62962962997034        5.0228976533617242E-010   92.592592591691385       -254.62962962919025       -173.61111111102036     
   92.592592590623894       -2.5113422452704981E-010  -254.62962962928762     
   173.61111111115835       -601.85185184928491        5.1583981530711753E-010  -254.62962962920707        173.61111111116324        2037.0370370341793     
  -3.9656811168242712E-010   92.592592590560969       -4.0729730699240463E-010  -601.85185184898887        3.4088287748090806E-010  -254.62962962940560     
  -173.61111111110290       -173.61111111102036       -254.62962962947014     
  -2.5114132995440741E-010  -601.85185185452337        173.61111111115835     
  -254.62962963028335        5.1585402616183273E-010   92.592592594483961     
   173.61111111116324       -254.62962963039635       -3.9656811168242712E-010   2037.0370370398955       -4.0728309613768943E-010  -601.85185185460887     
   3.4086866662619286E-010   92.592592594702381       -173.61111111110290     
  -254.62962962979950       -254.62962962936626       -173.61111111105893     
  -601.85185185091677        5.4887294709260459E-010  -254.62962962968189     
   173.61111111117066        92.592592590560969       -4.0727599071033183E-010   2037.0370370360852       -2.7011992642655969E-010   92.592592593291371     
  -3.7824321452717413E-010  -254.62962962908824        173.61111111111927     
  -601.85185185097794        3.7172043221289641E-010  -254.62962962990653     
  -173.61111111109594       -173.61111111105896       -254.62962962954859     
   5.4887294709260459E-010   92.592592593281708        173.61111111117066     
  -254.62962962997034       -4.0729730699240463E-010  -601.85185185460887     
  -2.7011992642655969E-010   2037.0370370379906       -3.7825742538188933E-010  -601.85185185090336        173.61111111111930       -254.62962963022497     
   3.7172753764025401E-010   92.592592593236276       -173.61111111109594     
  -254.62962962925263       -254.62962962981456       -173.61111111105660     
   92.592592593917061       -2.2247093056648737E-010  -254.62962962999597     
   173.61111111120920       -254.62962962977133       -173.61111111105154     
  -601.85185185307478        5.0228976533617242E-010   92.592592593291357     
  -3.7825031995453173E-010   2037.0370370384821       -4.5460524233931210E-010  -254.62962962965784        173.61111111112626       -601.85185185337627     
   3.2572700092714513E-010  -173.61111111105663       -254.62962962908503     
  -2.2244250885705696E-010  -601.85185185005435        173.61111111120923     
  -254.62962962991077       -173.61111111105154       -254.62962962909472     
   5.0229687076353002E-010   92.592592591691414       -3.7824321452717413E-010  -601.85185185090336       -4.5460524233931210E-010   2037.0370370355893     
   173.61111111112623       -254.62962962970130        3.2570568464507232E-010   92.592592591468787       -254.62962962917135        173.61111111111447     
  -254.62962962923069       -173.61111111106385        92.592592590413858     
  -1.6373746802855749E-010  -601.85185184869738        1.6454038131996640E-010  -254.62962962944573       -173.61111111114727       -601.85185184898887     
   3.4085445577147766E-010  -254.62962962908824        173.61111111111930     
   2037.0370370338705       -4.5190517994342372E-011   92.592592590337972     
  -3.1904789921100019E-010   173.61111111111447       -254.62962963010989     
  -173.61111111106385       -254.62962962971670       -1.6375167888327269E-010  -601.85185185480861        1.6453327589260880E-010   92.592592594916724     
  -173.61111111114724       -254.62962963005214        3.4088998290826567E-010   92.592592594702381        173.61111111111927       -254.62962963022497     
  -4.5133674575481564E-011   2037.0370370402047       -3.1904079378364258E-010  -601.85185185491150       -254.62962962896833        173.61111111107491     
  -601.85185185103126        1.9550583374439157E-010  -254.62962963004009     
  -173.61111111113996       -254.62962962940563       -173.61111111110290     
  -601.85185185097794        3.7174174849496922E-010  -254.62962962965787     
   173.61111111112626        92.592592590337972       -3.1904789921100019E-010   2037.0370370361452        8.3446138887666166E-011   92.592592593598155     
  -2.8989433076276327E-010   173.61111111107491       -254.62962963005205     
   1.9548451746231876E-010   92.592592593196940       -173.61111111113996     
  -254.62962962940964       -173.61111111110290       -254.62962962979952     
   3.7172043221289641E-010   92.592592593236276        173.61111111112626     
  -254.62962962970130       -3.1904789921100019E-010  -601.85185185491150     
   8.3446138887666166E-011   2037.0370370379278       -2.8986590905333287E-010  -601.85185185048704       -254.62962962991668       -173.61111111110046     
  -254.62962962963215        173.61111111108221       -601.85185185366618     
   1.5054268942549243E-010   92.592592594046778       -1.3496048723027343E-010  -254.62962962994098        173.61111111116560       -254.62962962990653     
  -173.61111111109594       -601.85185185337627        3.2571989549978753E-010   92.592592593598170       -2.8986590905333287E-010   2037.0370370387939     
  -1.0280132300977129E-010  -173.61111111110046       -254.62962962927224     
   173.61111111108224       -254.62962962943644        1.5053558399813483E-010   92.592592591255880       -1.3496759265763103E-010  -601.85185184987813     
   173.61111111116560       -254.62962962967771       -173.61111111109594     
  -254.62962962925263        3.2571989549978753E-010   92.592592591468758     
  -2.8990143619012088E-010  -601.85185185048704       -1.0280132300977129E-010   2037.0370370352794